120.915326599
32.031672239
268.267000000
-0.009000000
3023314.891378277
13460232.586146777
120.915326583
32.031672250
268.444000000
0.009000000
3023314.892416514
13460232.584365666
120.915328440
32.031672388
267.066000000
0.018999999
0.014063390
0.204939183
120.915328667
32.031672393
267.087000000
0.007000000
0.013497080
0.231989819
120.915330514
32.031672413
267.432000000
0.003000000
0.002359630
0.230876625
120.915330877
32.031672440
267.398000000
0.028999999
0.004436103
0.246016075
120.915332534
32.031672472
267.432000000
0.035999998
0.005568725
0.224865371
120.915332974
32.031672484
267.632000000
0.015000000
0.004152947
0.233436971
120.915334365
32.031672538
267.752000000
0.022000000
0.006229422
0.203825988
120.915334842
32.031672538
267.650000000
0.001000000
0.005096800
0.207944809
120.915336219
32.031672551
268.167000000
-0.007000000
0.001227007
0.206386335
120.915336690
32.031672581
267.572000000
0.022000000
0.004058562
0.205718420
120.915338051
32.031672619
268.073000000
0.046000000
0.006418192
0.203937308
120.915338917
32.031672688
267.069000000
0.028000001
0.010099213
0.247908506
120.915340006
32.031672726
267.554000000
0.012000000
0.010099213
0.217629603
120.915341088
32.031672808
267.925000000
0.052999999
0.011326221
0.241674615
120.915342249
32.031672875
267.666000000
0.046000000
0.014063391
0.249689619
120.915343545
32.031672908
268.379000000
0.052999999
0.009438517
0.273511988
120.915344307
32.031672928
268.339000000
0.028000001
0.005002414
0.229095511
120.915345750
32.031672934
268.224000000
0.018999999
0.002454015
0.245459477
120.915346476
32.031672930
268.299000000
-0.007000000
0.000188770
0.241451975
120.915347839
32.031672949
267.739000000
0.024000000
0.001415777
0.232546417
120.915348573
32.031672966
268.046000000
0.024000000
0.003397866
0.233436973
120.915350198
32.031672985
268.443000000
0.017000001
0.003397866
0.262602678
120.915351043
32.031673031
268.007000000
0.055000000
0.006135036
0.274959142
120.915352628
32.031673087
268.778000000
0.037000000
0.009627288
0.270506362
120.915353413
32.031673042
268.959000000
-0.059000000
0.001038237
0.263827194
120.915355112
32.031673072
268.639000000
0.017000001
-0.001415778
0.276517616
120.915355911
32.031673068
268.277000000
0.001000000
0.002454015
0.278076088
120.915357648
32.031673055
268.941000000
0.029999999
-0.001604548
0.282306228
120.915358445
32.031673076
268.767000000
0.028000001
0.000755081
0.282083588
120.915360080
32.031673062
269.309000000
-0.037999999
0.000660697
0.270729002
120.915360922
32.031673110
268.992000000
0.050999999
0.003209096
0.275738380
120.915362542
32.031673199
269.807000000
0.090000004
0.012930768
0.274068586
120.915363311
32.031673263
269.282000000
0.075999998
0.014440931
0.265942262
120.915364985
32.031673295
268.167000000
0.017000001
0.009060977
0.271953516
120.915365829
32.031673318
267.950000000
0.029999999
0.005191185
0.280302478
120.915367564
32.031673340
268.542000000
0.002000000
0.004247333
0.287092966
120.915368465
32.031673343
269.362000000
-0.002000000
0.002359629
0.293438178
120.915369400
32.031673316
269.619000000
-0.039999999
-0.002265244
0.204382586
120.915370277
32.031673325
269.606000000
0.001000000
-0.001698933
0.201710917
120.915372054
32.031673411
268.213000000
0.063000001
0.008966591
0.295441928
120.915372943
32.031673357
268.251000000
-0.048999999
0.003020326
0.296777762
120.915374719
32.031673374
268.626000000
-0.016000001
-0.003492251
0.296666443
120.915375649
32.031673323
268.708000000
-0.055000000
-0.003209096
0.301230542
120.915376592
32.031673355
269.675000000
0.026000001
-0.001793318
0.208501407
120.915378312
32.031673338
268.463000000
-0.000000000
0.001415777
0.296443804
120.915379219
32.031673304
269.085000000
-0.043000001
-0.004813644
0.292436302
120.915380935
32.031673350
269.621000000
-0.001000000
0.001132622
0.291991024
120.915381852
32.031673327
270.139000000
-0.021000000
0.002170859
0.293104219
120.915382769
32.031673285
269.296000000
-0.057999998
-0.006135036
0.204159946
120.915383657
32.031673368
269.723000000
0.086000003
0.003869792
0.200931682
120.915384601
32.031673345
269.505000000
-0.011000000
0.005663111
0.203937307
120.915385479
32.031673306
269.516000000
-0.041999999
-0.005851880
0.202824111
120.915387186
32.031673316
270.234000000
-0.046000000
-0.002737170
0.287760884
120.915388053
32.031673330
269.705000000
0.018999999
0.002265244
0.286536370
120.915389001
32.031673291
270.441000000
-0.046999998
-0.002359630
0.202044875
120.915389865
32.031673267
269.804000000
-0.029999999
-0.005946265
0.201710917
120.915391616
32.031673226
270.779000000
-0.063000001
-0.006135036
0.291100468
120.915392470
32.031673183
270.772000000
-0.055000000
-0.007928354
0.289987274
120.915394160
32.031673129
272.273000000
-0.037000000
-0.009155362
0.283196786
120.915395013
32.031673116
272.079000000
-0.009000000
-0.006323807
0.283085464
120.915396695
32.031672955
272.508000000
-0.028999999
-0.016423020
0.282194908
120.915397613
32.031672854
272.733000000
-0.115000002
-0.024728915
0.289430676
120.915399286
32.031672779
272.741000000
-0.010000000
-0.016611790
0.288428800
120.915400197
32.031672718
273.605000000
-0.044000000
-0.012836383
0.287649564
120.915401959
32.031672668
272.385000000
-0.035999998
-0.010476754
0.297556999
120.915402801
32.031672729
271.773000000
0.066000000
0.001038237
0.289875954
120.915404593
32.031672755
270.726000000
0.057999998
0.008211510
0.293215540
120.915405488
32.031672836
269.485000000
0.100000001
0.010099213
0.299115472
120.915407310
32.031672937
267.555000000
-0.017999999
0.017178101
0.302455057
120.915408267
32.031672960
266.741000000
0.014000000
0.011703762
0.309356865
120.915409226
32.031672881
267.257000000
-0.123000003
-0.005285570
0.213288143
120.915410066
32.031672943
268.117000000
0.037000000
-0.001604548
0.200263764
120.915411752
32.031673031
268.365000000
0.096000001
0.014157776
0.281193034
120.915412663
32.031673042
268.086000000
0.043000001
0.009344132
0.289096717
120.915414394
32.031673140
268.127000000
0.043000001
0.010287984
0.294106094
120.915415295
32.031673129
268.974000000
-0.006000000
0.008211510
0.292992900
120.915417074
32.031673164
268.775000000
0.010000000
0.002265244
0.298336236
120.915417934
32.031673166
268.007000000
0.006000000
0.003492251
0.293772136
120.915419612
32.031673328
266.196000000
0.115000002
0.015479168
0.282528866
120.915420513
32.031673383
265.839000000
0.086000003
0.020481582
0.287092966
120.915422189
32.031673535
266.342000000
0.086999997
0.019537731
0.286870328
120.915423099
32.031673484
266.354000000
-0.035999998
0.009532903
0.287872202
120.915424813
32.031673650
266.722000000
0.067000002
0.010854295
0.292102344
120.915425623
32.031673738
266.106000000
0.112000003
0.023973834
0.280970396
120.915427323
32.031673791
267.278000000
-0.026000001
0.013308309
0.279411922
120.915428110
32.031673892
265.933000000
0.081000000
0.014535316
0.276851572
120.915429764
32.031674008
266.455000000
0.114000000
0.020481582
0.271730876
120.915430598
32.031674013
266.498000000
0.005000000
0.011420606
0.276962894
120.915432367
32.031674000
267.304000000
-0.052000001
-0.000755081
0.289764634
120.915433267
32.031674010
266.703000000
0.001000000
-0.000283155
0.297111721
120.915434951
32.031674127
265.973000000
0.057000000
0.011986917
0.287649564
120.915435817
32.031674177
266.108000000
0.027000001
0.015762323
0.283864702
120.915437721
32.031674230
267.035000000
0.012000000
0.009721673
0.308354990
120.915438557
32.031674284
266.325000000
0.027000001
0.010099213
0.305015405
120.915440397
32.031674270
267.258000000
0.016000001
0.003775407
0.297890957
120.915441302
32.031674342
266.552000000
0.070000000
0.005474340
0.305572003
120.915443071
32.031674470
265.742000000
0.045000002
0.018877034
0.297668318
120.915443964
32.031674503
266.276000000
0.027000001
0.015196012
0.296332484
120.915445800
32.031674653
265.318000000
0.059000000
0.017272487
0.303790891
120.915446698
32.031674708
264.812000000
0.059999999
0.019348960
0.304347487
120.915448421
32.031674807
265.897000000
0.098999999
0.014535316
0.291768385
120.915449325
32.031674836
265.521000000
0.034000002
0.012081302
0.292436302
120.915451103
32.031674930
266.263000000
0.017999999
0.011609376
0.298558874
120.915451983
32.031674958
266.138000000
0.021000000
0.011514991
0.295887206
120.915452926
32.031674950
267.253000000
-0.017000001
0.001887704
0.202935432
120.915453819
32.031675004
266.473000000
0.056000002
0.004341718
0.204382586
120.915455588
32.031675081
266.373000000
-0.035000000
0.012364458
0.296332484
120.915456486
32.031675137
266.066000000
0.052000001
0.012553228
0.296889081
120.915458310
32.031675245
266.390000000
0.016000001
0.015479168
0.303011654
120.915459192
32.031675329
265.330000000
0.090999998
0.018121953
0.301230542
120.915460118
32.031675371
265.259000000
0.046999998
0.011892531
0.201265639
120.915461081
32.031675400
265.367000000
0.046000000
0.006701347
0.210282519
120.915461963
32.031675495
264.542000000
0.092000000
0.011703762
0.205384461
120.915462921
32.031675579
264.787000000
0.109999999
0.016894946
0.204827863
120.915463832
32.031675646
264.755000000
0.083999999
0.014252160
0.208056129
120.915464723
32.031675703
265.005000000
0.032000002
0.011703761
0.200597722
120.915466480
32.031675871
264.042000000
0.037000000
0.021236664
0.294774012
120.915467384
32.031675940
263.514000000
0.082000002
0.022369286
0.296221165
120.915469130
32.031676050
262.865000000
0.037000000
0.016894946
0.294996650
120.915469987
32.031676153
262.543000000
0.119999997
0.020104042
0.289764634
120.915471706
32.031676281
262.439000000
0.064000003
0.021802975
0.286759008
120.915472548
32.031676410
260.870000000
0.112999998
0.024256990
0.285089216
120.915473524
32.031676384
262.269000000
-0.016000001
0.009721673
0.202378834
120.915474379
32.031676475
262.328000000
0.071000002
0.006135036
0.203825988
120.915476103
32.031676634
262.994000000
0.100000001
0.023596293
0.287092966
120.915476964
32.031676689
261.454000000
0.059000000
0.020198427
0.287760884
120.915478743
32.031676814
261.602000000
0.043000001
0.016989331
0.293883455
120.915479607
32.031676845
260.581000000
0.028999999
0.014724087
0.294217413
120.915481331
32.031676983
263.589000000
0.083999999
0.015951094
0.288094842
120.915482204
32.031677047
264.054000000
0.064999998
0.019065805
0.289096718
120.915483151
32.031677049
264.189000000
0.001000000
0.006229422
0.202601474
120.915484801
32.031677203
263.712000000
0.057999998
0.014724087
0.289096718
120.915485754
32.031677234
264.161000000
0.041000001
0.017461257
0.289764634
120.915486605
32.031677339
263.246000000
0.105999999
0.012836383
0.200820361
120.915488332
32.031677428
263.794000000
0.074000001
0.018310724
0.286981646
120.915489224
32.031677462
263.668000000
0.018999999
0.011609376
0.291545746
120.915490898
32.031677547
263.810000000
0.050999999
0.011231835
0.285645814
120.915491834
32.031677651
264.207000000
0.101000004
0.017838798
0.290543870
120.915492697
32.031677727
263.891000000
0.094999999
0.016989331
0.200263764
120.915494354
32.031677840
264.349000000
0.057000000
0.017838797
0.280525118
120.915495236
32.031677847
264.539000000
-0.001000000
0.011326220
0.282640186
120.915496929
32.031677919
264.595000000
0.052000001
0.007456429
0.286647688
120.915497744
32.031677997
264.151000000
0.090999998
0.014157776
0.279189284
120.915499426
32.031678030
264.455000000
0.039000001
0.010476754
0.277964768
120.915500278
32.031678128
264.792000000
0.082999997
0.012364458
0.282083588
120.915501979
32.031678234
263.971000000
0.057000000
0.019254575
0.284198660
120.915502835
32.031678271
263.910000000
0.035000000
0.013497079
0.284643938
120.915504569
32.031678347
264.680000000
0.039000001
0.010665525
0.288317482
120.915505491
32.031678412
264.732000000
0.063000001
0.013308309
0.295664568
120.915507265
32.031678539
265.084000000
0.052000001
0.018121952
0.300117347
120.915508156
32.031678623
265.074000000
0.101000004
0.019915271
0.296666443
120.915509082
32.031678669
265.503000000
0.048999999
0.012270073
0.202267515
120.915509956
32.031678735
265.332000000
0.064999998
0.010571139
0.200375083
120.915511716
32.031678802
265.647000000
-0.039000001
0.012553228
0.293215538
120.915512563
32.031678913
264.562000000
0.105999999
0.016800561
0.290209912
120.915514369
32.031678999
264.171000000
0.064000003
0.018593879
0.295330609
120.915515234
32.031679047
263.843000000
0.046000000
0.012647613
0.297334360
120.915516999
32.031679161
264.581000000
0.057999998
0.015290398
0.292770262
120.915517896
32.031679171
264.503000000
0.020000000
0.011703762
0.296332484
120.915518861
32.031679185
265.154000000
0.003000000
0.002265244
0.207276891
120.915519772
32.031679249
264.698000000
0.061999999
0.007362043
0.208835365
120.915521528
32.031679262
265.196000000
0.032000002
0.007267658
0.296889082
120.915522444
32.031679274
265.738000000
-0.000000000
0.002359629
0.297445680
120.915524227
32.031679390
265.837000000
0.048000000
0.012081302
0.300451306
120.915525136
32.031679437
265.934000000
0.057999998
0.015384783
0.299672069
120.915526884
32.031679483
266.239000000
-0.006000000
0.008777821
0.295775887
120.915527744
32.031679544
265.957000000
0.068000004
0.010099213
0.290321232
120.915529480
32.031679594
265.697000000
0.041000001
0.010476755
0.288985398
120.915530368
32.031679670
266.309000000
0.068000004
0.011892532
0.292102344
120.915532096
32.031679728
265.871000000
0.046999998
0.012647613
0.291211788
120.915532938
32.031679721
266.575000000
-0.014000000
0.004813644
0.286091090
120.915534575
32.031679853
266.092000000
0.074000001
0.011798146
0.275961016
120.915535421
32.031679843
265.722000000
0.015000000
0.011514991
0.276406296
120.915537093
32.031679861
265.925000000
0.026000001
0.000755081
0.280302478
120.915537922
32.031679924
266.567000000
0.070000000
0.007645199
0.278410046
120.915539693
32.031679985
267.557000000
0.000000000
0.011703761
0.289430676
120.915540546
32.031680038
266.683000000
0.046000000
0.010759909
0.292102344
120.915542327
32.031680139
266.639000000
0.054000001
0.014535317
0.293215538
120.915543254
32.031680148
266.579000000
0.041999999
0.010382369
0.301453181
120.915544128
32.031680238
266.062000000
0.088000000
0.009344132
0.200486403
120.915545952
32.031680232
266.947000000
-0.003000000
0.007928354
0.300339986
120.915546814
32.031680334
266.505000000
0.101000004
0.009060977
0.299004152
120.915548557
32.031680336
267.502000000
0.024000000
0.009816058
0.289987273
120.915549440
32.031680426
267.005000000
0.083999999
0.008683436
0.292324984
120.915551228
32.031680412
266.199000000
-0.016000001
0.007173273
0.297334360
120.915552030
32.031680468
266.552000000
0.044000000
0.003964177
0.288317480
120.915553802
32.031680511
266.582000000
0.041999999
0.009344132
0.286536370
120.915554703
32.031680541
266.871000000
0.037000000
0.006890118
0.297556999
120.915556480
32.031680596
267.008000000
0.009000000
0.008022740
0.298113596
120.915557267
32.031680654
267.271000000
0.068999998
0.010665524
0.285423174
120.915559059
32.031680636
267.539000000
-0.022000000
0.003775407
0.287092966
120.915559936
32.031680673
268.103000000
0.035999998
0.001793318
0.297111721
120.915561644
32.031680717
267.424000000
0.025000000
0.007645199
0.287760883
120.915562490
32.031680750
267.486000000
0.028000001
0.007267659
0.284309980
120.915564173
32.031680835
267.197000000
0.035999998
0.011137451
0.281526994
120.915565046
32.031680817
266.850000000
-0.006000000
0.006323807
0.284532618
120.915566764
32.031680871
266.814000000
0.048000000
0.003397866
0.288428800
120.915567634
32.031680946
266.084000000
0.090000004
0.012175687
0.288094842
120.915569319
32.031680907
267.738000000
-0.005000000
0.003397866
0.284421298
120.915570142
32.031680960
268.257000000
0.041999999
0.001321393
0.279189284
120.915571858
32.031680953
268.726000000
-0.022000000
0.004341718
0.282640188
120.915572624
32.031681028
268.328000000
0.074000001
0.006418192
0.276294976
120.915574439
32.031681036
268.837000000
0.043000001
0.007833970
0.287315605
120.915575258
32.031681020
268.714000000
-0.008000000
-0.000755081
0.293215538
120.915576935
32.031681094
269.029000000
0.039999999
0.005474340
0.277853450
120.915577804
32.031681126
268.557000000
0.037999999
0.010004828
0.283419422
120.915579502
32.031681048
269.427000000
-0.064000003
-0.004341718
0.285757132
120.915580309
32.031681020
269.802000000
-0.052000001
-0.010004828
0.278855326
120.915581939
32.031680972
270.344000000
0.022000000
-0.007173274
0.271285600
120.915582800
32.031680909
270.230000000
-0.061000001
-0.010476754
0.277296850
120.915584512
32.031680744
270.655000000
-0.140000001
-0.021519819
0.286425049
120.915585300
32.031680763
271.221000000
0.012000000
-0.013780236
0.278298728
120.915586973
32.031680592
273.248000000
-0.035999998
-0.014346546
0.273957268
120.915587832
32.031680536
272.752000000
-0.077000000
-0.021425433
0.281860950
120.915589522
32.031680373
271.963000000
-0.128000006
-0.020670353
0.283753382
120.915590346
32.031680377
271.964000000
-0.033000000
-0.015007243
0.279857200
120.915592031
32.031680251
273.230000000
-0.046000000
-0.011514991
0.279300602
120.915592938
32.031680204
272.677000000
-0.039000001
-0.016328635
0.288540120
120.915594638
32.031680209
271.251000000
-0.013000000
-0.003964177
0.290209912
120.915595514
32.031680268
271.028000000
0.082000002
0.006040652
0.286759008
120.915596441
32.031680307
270.968000000
0.048999999
0.009249747
0.200709042
120.915597313
32.031680341
270.646000000
0.046999998
0.006890117
0.200263764
120.915599072
32.031680429
269.047000000
0.006000000
0.011514991
0.292881580
120.915599953
32.031680514
268.293000000
0.103000000
0.016328635
0.293883455
120.915601702
32.031680628
267.197000000
0.067000002
0.018782649
0.292770260
120.915602598
32.031680706
267.277000000
0.064000003
0.018121953
0.294440054
120.915604332
32.031680753
266.068000000
0.012000000
0.011798147
0.292770260
120.915605213
32.031680856
265.750000000
0.120999999
0.014157776
0.291100468
120.915606962
32.031680960
265.083000000
-0.037000000
0.019537731
0.292770260
120.915607749
32.031681027
265.198000000
0.030999999
0.016139864
0.282306228
120.915609470
32.031681171
264.115000000
0.149000004
0.019915271
0.279189284
120.915610347
32.031681241
264.091000000
0.123999998
0.020198427
0.289208036
120.915612055
32.031681367
263.433000000
0.083999999
0.018499493
0.287760883
120.915612922
32.031681517
262.854000000
0.170000002
0.026050308
0.286647688
120.915614618
32.031681672
262.887000000
0.059000000
0.028787477
0.285311856
120.915615493
32.031681844
262.484000000
0.155000001
0.030863951
0.286202412
120.915617175
32.031681954
262.407000000
0.070000000
0.026616619
0.284643937
120.915618057
32.031682064
262.056000000
0.112000003
0.020764738
0.285423174
120.915619825
32.031682188
262.150000000
0.071000002
0.022086130
0.294996650
120.915620655
32.031682277
261.934000000
0.103000000
0.020104042
0.289208036
120.915622377
32.031682457
262.583000000
0.101999998
0.025389612
0.284087342
120.915623209
32.031682528
262.755000000
0.081000000
0.023690678
0.284309980
120.915624942
32.031682739
262.665000000
0.090999998
0.026616618
0.285534493
120.915625709
32.031682875
262.386000000
0.160999998
0.032751655
0.278298726
120.915627467
32.031683027
262.698000000
0.077000000
0.027182930
0.281081714
120.915628307
32.031683105
262.339000000
0.074000001
0.021708589
0.289208038
120.915630060
32.031683300
262.371000000
0.138999999
0.025767152
0.288651440
120.915630883
32.031683375
262.183000000
0.097999997
0.025483997
0.286759008
120.915632545
32.031683536
262.091000000
0.072999999
0.022274901
0.276628934
120.915633421
32.031683568
263.264000000
0.037000000
0.018216338
0.282528866
120.915635247
32.031683708
263.505000000
0.041999999
0.016234250
0.300785264
120.915636079
32.031683817
262.063000000
0.098999999
0.023501908
0.295887206
120.915637730
32.031683969
262.844000000
0.082000002
0.024634530
0.276406296
120.915638579
32.031684074
263.047000000
0.123000003
0.024256989
0.278298728
120.915640297
32.031684180
262.475000000
0.012000000
0.019915271
0.285757132
120.915641159
32.031684309
261.942000000
0.108000003
0.022180516
0.287204286
120.915642844
32.031684482
261.734000000
0.136000007
0.028504322
0.283530744
120.915643679
32.031684602
261.619000000
0.142000005
0.027654855
0.280525116
120.915645402
32.031684727
261.738000000
0.057000000
0.023124367
0.284755256
120.915646264
32.031684865
261.650000000
0.142000005
0.024823301
0.287760884
120.915647949
32.031684998
262.383000000
0.067000002
0.025578382
0.283530744
120.915648844
32.031684993
262.881000000
-0.008000000
0.012081302
0.287204286
120.915650489
32.031685168
262.986000000
0.104999997
0.016045479
0.282751506
120.915651322
32.031685220
262.918000000
0.068999998
0.021425434
0.275849698
120.915652995
32.031685338
263.012000000
0.079999998
0.016045479
0.278966644
120.915653866
32.031685371
263.149000000
0.046000000
0.014252161
0.283196784
120.915655582
32.031685502
263.318000000
0.107000001
0.015479168
0.287983522
120.915656458
32.031685522
263.358000000
0.037999999
0.014252160
0.288540120
120.915658129
32.031685658
263.072000000
0.050999999
0.014724087
0.283530742
120.915658937
32.031685763
263.281000000
0.126000002
0.022746827
0.275961018
120.915660670
32.031685897
263.000000000
0.107000001
0.022558056
0.282862826
120.915661515
32.031685973
263.258000000
0.083999999
0.019820886
0.286981646
120.915663236
32.031686073
264.123000000
0.064999998
0.016611790
0.285645814
120.915664043
32.031686132
264.413000000
0.057000000
0.015007242
0.281415674
120.915665754
32.031686186
264.169000000
0.028000001
0.010665524
0.280302478
120.915666582
32.031686216
264.406000000
0.028000001
0.007928354
0.282640186
120.915668280
32.031686328
264.238000000
0.035999998
0.013402694
0.281193034
120.915669136
32.031686388
265.042000000
0.068999998
0.016234250
0.284309980
120.915670830
32.031686480
264.755000000
0.089000002
0.014346546
0.283864700
120.915671678
32.031686547
264.886000000
0.081000000
0.015007243
0.282974144
120.915673373
32.031686600
265.762000000
0.006000000
0.011326221
0.283085466
120.915674179
32.031686696
265.077000000
0.094999999
0.014063391
0.278410048
120.915675898
32.031686786
264.672000000
0.067000002
0.017555642
0.281081714
120.915676726
32.031686800
264.254000000
0.015000000
0.009816058
0.283530742
120.915678437
32.031687000
263.834000000
0.118000001
0.020198426
0.282640186
120.915679267
32.031686967
264.640000000
-0.029999999
0.015762323
0.282862826
120.915680915
32.031687064
265.234000000
-0.018999999
0.006040652
0.275849698
120.915681755
32.031687088
264.311000000
0.035000000
0.011420606
0.276962892
120.915683408
32.031687189
264.746000000
0.072999999
0.011798146
0.277519492
120.915684276
32.031687242
265.038000000
0.082999997
0.014535316
0.280636436
120.915685937
32.031687331
265.177000000
0.044000000
0.013402694
0.281526992
120.915686752
32.031687410
264.652000000
0.094999999
0.015856710
0.275627060
120.915688392
32.031687499
264.796000000
0.027000001
0.015856709
0.273289350
120.915689233
32.031687573
265.220000000
0.070000000
0.015384783
0.276183656
120.915690912
32.031687673
265.018000000
0.079000004
0.016423020
0.280525116
120.915691790
32.031687665
264.725000000
-0.013000000
0.008683436
0.284643938
120.915693393
32.031687795
265.209000000
0.103000000
0.011514991
0.276183656
120.915694303
32.031687788
265.051000000
0.011000000
0.011609376
0.279745880
120.915695948
32.031687918
265.587000000
0.057999998
0.011609376
0.284421300
120.915696823
32.031688002
265.499000000
0.104999997
0.020198427
0.280525118
120.915698518
32.031688006
266.381000000
-0.071000002
0.008305895
0.286091090
120.915699319
32.031688105
265.952000000
0.085000001
0.009721673
0.277853448
120.915701028
32.031688110
266.545000000
0.010000000
0.009816057
0.279411922
120.915701797
32.031688214
266.076000000
0.098999999
0.010287984
0.275849698
120.915703464
32.031688322
266.342000000
0.088000000
0.020009657
0.271174280
120.915704352
32.031688347
265.620000000
0.021000000
0.012553228
0.284421300
120.915706023
32.031688446
266.255000000
0.050999999
0.011703761
0.284866576
120.915706842
32.031688450
266.019000000
0.006000000
0.009721673
0.277185532
120.915708542
32.031688487
266.084000000
-0.012000000
0.003869792
0.280413798
120.915709321
32.031688570
265.967000000
0.093000002
0.011326221
0.275961016
120.915710998
32.031688594
266.596000000
-0.006000000
0.010099214
0.273400668
120.915711827
32.031688586
266.745000000
-0.029999999
0.001510163
0.278966644
120.915713477
32.031688697
266.804000000
0.050000001
0.009721673
0.275961018
120.915714354
32.031688681
266.453000000
-0.002000000
0.008966591
0.281304354
120.915715999
32.031688744
266.004000000
0.008000000
0.004436103
0.280747756
120.915716853
32.031688770
266.697000000
0.029999999
0.008400281
0.278187408
120.915718486
32.031688850
266.065000000
0.094999999
0.010004828
0.276851574
120.915719352
32.031688925
266.469000000
0.086999997
0.014629701
0.278187406
120.915721094
32.031688923
266.658000000
0.016000001
0.006890117
0.290321232
120.915721891
32.031688974
266.112000000
0.059000000
0.004624873
0.282640188
120.915723545
32.031689004
266.876000000
0.025000000
0.007645199
0.272844072
120.915724459
32.031689010
266.129000000
0.002000000
0.003397866
0.285868452
120.915726139
32.031689066
266.739000000
0.010000000
0.005851880
0.288762758
120.915726904
32.031689086
267.255000000
0.024000000
0.007173273
0.272176154
120.915728569
32.031689141
266.651000000
0.028999999
0.007078888
0.270506362
120.915729432
32.031689168
266.837000000
0.030999999
0.007739584
0.281415674
120.915731024
32.031689184
267.728000000
-0.045000002
0.004058562
0.273289350
120.915731776
32.031689218
265.986000000
0.028999999
0.004719258
0.260932886
120.915733391
32.031689258
267.017000000
0.055000000
0.006984503
0.263493236
120.915734276
32.031689293
266.241000000
0.037000000
0.007078888
0.278298726
120.915735911
32.031689381
266.271000000
0.079000004
0.011609376
0.280525116
120.915736753
32.031689319
267.514000000
-0.059000000
0.002454015
0.275738380
120.915738412
32.031689398
267.847000000
0.059999999
0.001604548
0.278410046
120.915739195
32.031689387
267.496000000
-0.007000000
0.006418192
0.271842196
120.915740865
32.031689477
266.976000000
0.052999999
0.007456429
0.273066712
120.915741649
32.031689486
267.009000000
0.017999999
0.009344132
0.273178030
120.915743237
32.031689441
268.784000000
0.018999999
-0.003397866
0.264049832
120.915744046
32.031689441
268.437000000
-0.001000000
-0.004247333
0.266832820
120.915745637
32.031689528
266.663000000
0.067000002
0.008211510
0.267166778
120.915746477
32.031689507
267.459000000
-0.015000000
0.006229422
0.270617682
120.915748084
32.031689588
267.250000000
0.011000000
0.005663110
0.272398794
120.915748887
32.031689571
267.207000000
-0.015000000
0.006040651
0.268279974
120.915750428
32.031689598
267.099000000
0.029999999
0.000943852
0.260932886
120.915751282
32.031689631
267.906000000
0.035000000
0.005663110
0.266610180
120.915752840
32.031689600
267.909000000
-0.057999998
0.000188770
0.268502612
120.915753617
32.031689587
269.407000000
-0.021000000
-0.004152947
0.259931010
120.915755211
32.031689539
269.735000000
-0.018999999
-0.005757496
0.263938514
120.915755995
32.031689558
268.794000000
0.027000001
-0.002737171
0.264717750
120.915757531
32.031689572
268.840000000
0.020000000
0.003114711
0.258261218
120.915758313
32.031689573
268.757000000
-0.006000000
0.001415778
0.258038580
120.915759831
32.031689560
269.000000000
-0.035999998
-0.001132622
0.256034829
120.915760606
32.031689567
268.709000000
0.012000000
-0.000566311
0.255255593
120.915762027
32.031689541
269.172000000
-0.013000000
-0.001793318
0.244457601
120.915762765
32.031689546
268.661000000
0.000000000
-0.001982088
0.240338780
120.915764187
32.031689495
269.477000000
-0.059000000
-0.004341718
0.240450099
120.915764900
32.031689523
269.514000000
0.030999999
-0.002170859
0.237667113
120.915766352
32.031689557
270.299000000
0.068000004
0.005851880
0.241006699
120.915766998
32.031689564
269.996000000
0.016000001
0.003869792
0.233548291
120.915768385
32.031689617
269.317000000
0.017000001
0.005663110
0.226312525
120.915769146
32.031689583
269.265000000
-0.028000001
0.001793319
0.239114267
120.915770597
32.031689558
268.693000000
-0.007000000
-0.005568725
0.246238713
120.915771307
32.031689584
268.361000000
0.027000001
0.000094385
0.240561419
120.915772689
32.031689616
268.945000000
0.033000000
0.005474340
0.232880373
120.915773451
32.031689628
269.117000000
0.017999999
0.004152948
0.238668989
120.915774884
32.031689625
269.566000000
-0.018999999
0.000849466
0.244346283
120.915775599
32.031689621
268.610000000
-0.009000000
-0.000660697
0.239114265
120.915777094
32.031689612
268.278000000
-0.020000000
-0.001227007
0.246016075
120.915777772
32.031689581
268.818000000
-0.037000000
-0.003775407
0.241897253
120.915779254
32.031689594
269.515000000
0.052999999
-0.001698933
0.240450099
120.915779989
32.031689595
269.518000000
0.013000000
0.001321393
0.246795311
120.915781384
32.031689620
270.328000000
0.006000000
0.002454015
0.237110515
120.915782182
32.031689547
271.161000000
-0.078000002
-0.004530489
0.244123643
120.915783667
32.031689524
270.549000000
-0.033000000
-0.009060977
0.254142398
120.915784370
32.031689499
270.424000000
-0.021000000
-0.004530488
0.243567045
120.915785872
32.031689480
270.214000000
-0.050999999
-0.004152948
0.245459477
120.915786563
32.031689490
270.234000000
0.007000000
-0.000849467
0.244123643
120.915788028
32.031689504
270.038000000
0.068000004
0.002265244
0.240004821
120.915788735
32.031689505
270.673000000
0.002000000
0.001415778
0.241785935
120.915790219
32.031689476
270.289000000
0.009000000
-0.002642785
0.243901005
120.915790958
32.031689487
270.236000000
0.014000000
-0.001698933
0.247463228
120.915792354
32.031689438
270.164000000
-0.054000001
-0.003586636
0.237667113
120.915793078
32.031689441
270.807000000
-0.013000000
-0.004341718
0.235997319
120.915794506
32.031689317
271.273000000
-0.074000001
-0.011420606
0.239559543
120.915795211
32.031689298
272.201000000
-0.035999998
-0.013497079
0.237444475
120.915796695
32.031689206
272.386000000
-0.063000001
-0.010476754
0.243678365
120.915797463
32.031689146
272.410000000
-0.071000002
-0.014346547
0.250691493
120.915798994
32.031689056
272.362000000
-0.029999999
-0.014157776
0.255923510
120.915799663
32.031689010
272.197000000
-0.046999998
-0.012836383
0.244902879
120.915801213
32.031688961
272.309000000
-0.003000000
-0.008966591
0.247017950
120.915801977
32.031688962
271.667000000
0.011000000
-0.004530489
0.257593302
120.915803518
32.031688995
269.958000000
0.023000000
0.003209096
0.256591427
120.915804316
32.031689043
269.865000000
0.061000001
0.007645199
0.260376290
120.915805850
32.031689123
268.287000000
0.054000001
0.012081302
0.259597052
120.915806659
32.031689137
267.533000000
0.014000000
0.008872206
0.260821566
120.915808281
32.031689259
265.690000000
0.057000000
0.012836383
0.270617682
120.915809038
32.031689308
265.174000000
0.063000001
0.016139864
0.264829070
120.915810566
32.031689438
265.345000000
0.090999998
0.016894946
0.254365037
120.915811259
32.031689453
265.621000000
0.017999999
0.013685850
0.247240588
120.915812769
32.031689534
265.340000000
0.050000001
0.009060977
0.245236838
120.915813492
32.031689593
265.335000000
0.074000001
0.013213924
0.248576423
120.915814969
32.031689676
265.365000000
0.027000001
0.013402694
0.244902879
120.915815719
32.031689700
265.753000000
0.022000000
0.010099213
0.247908506
120.915817215
32.031689795
266.156000000
0.045000002
0.011231835
0.250023577
120.915817957
32.031689823
266.198000000
0.034000002
0.011609376
0.249133021
120.915819446
32.031689903
265.811000000
0.017999999
0.010193599
0.248353784
120.915820149
32.031689950
265.688000000
0.055000000
0.011986917
0.244012323
120.915821689
32.031690011
265.757000000
0.034000002
0.010193599
0.249689618
120.915822385
32.031690086
265.674000000
0.086999997
0.012836383
0.248910381
120.915823840
32.031690151
265.470000000
0.030999999
0.013213924
0.239448225
120.915824599
32.031690205
265.298000000
0.056000002
0.011231835
0.246461353
120.915826131
32.031690305
265.358000000
0.054000001
0.014535316
0.255032954
120.915826820
32.031690325
265.340000000
0.018999999
0.011326221
0.247240589
120.915828267
32.031690434
266.034000000
0.101000004
0.012175687
0.237778431
120.915829020
32.031690453
266.395000000
0.025000000
0.012081302
0.244902879
120.915830512
32.031690534
265.909000000
0.055000000
0.009438517
0.249912257
120.915831244
32.031690600
265.227000000
0.082000002
0.013874620
0.247574547
120.915832641
32.031690663
265.780000000
0.098999999
0.012175687
0.236999195
120.915833383
32.031690710
266.127000000
0.056000002
0.010382369
0.238112391
120.915834880
32.031690794
266.204000000
0.057000000
0.012364458
0.249244341
120.915835692
32.031690805
266.051000000
0.015000000
0.008966591
0.257036704
120.915837213
32.031690857
266.232000000
0.032000002
0.005946266
0.259708372
120.915837889
32.031690909
265.624000000
0.061999999
0.009816058
0.244568921
120.915839345
32.031690975
265.396000000
0.056000002
0.011137450
0.237333153
120.915840106
32.031690985
266.035000000
0.006000000
0.007173273
0.246795311
120.915841580
32.031691034
266.512000000
0.002000000
0.005568725
0.248799063
120.915842350
32.031691057
266.391000000
0.027000001
0.006795733
0.249800937
120.915843756
32.031691126
266.611000000
0.055000000
0.008683436
0.242231211
120.915844533
32.031691153
266.647000000
0.033000000
0.009060976
0.243010448
120.915845997
32.031691190
266.929000000
-0.014000000
0.006040651
0.249466979
120.915846731
32.031691218
267.308000000
0.029999999
0.006135036
0.244680241
120.915848117
32.031691328
266.309000000
0.052999999
0.013025154
0.235997319
120.915848806
32.031691374
266.912000000
0.054000001
0.014724087
0.230987943
120.915850248
32.031691424
265.958000000
0.034000002
0.009060977
0.237221835
120.915850955
32.031691454
265.996000000
0.032000002
0.007550814
0.239225585
120.915852407
32.031691505
266.023000000
0.028999999
0.007645199
0.240338781
120.915853062
32.031691552
266.299000000
0.054000001
0.009249747
0.234550167
120.915854609
32.031691555
266.632000000
-0.016000001
0.004719259
0.245125518
120.915855317
32.031691599
267.116000000
0.046999998
0.004436103
0.251025452
120.915856841
32.031691602
267.765000000
0.023000000
0.004436103
0.248465103
120.915857571
32.031691649
267.391000000
0.052000001
0.004719259
0.250914133
120.915859039
32.031691681
267.351000000
0.018999999
0.007456428
0.244680241
120.915859759
32.031691723
267.513000000
0.045000002
0.006984503
0.243567045
120.915861237
32.031691809
267.416000000
0.030999999
0.012081302
0.244680241
120.915861861
32.031691866
267.709000000
0.066000000
0.013497080
0.233993569
120.915863284
32.031691953
266.865000000
0.056000002
0.013591465
0.227870997
120.915864012
32.031691999
266.899000000
0.050000001
0.012553228
0.239448225
120.915865545
32.031692012
267.237000000
0.010000000
0.005568725
0.251693369
120.915866325
32.031692034
267.237000000
0.021000000
0.003303481
0.257481982
120.915867735
32.031692058
267.903000000
0.009000000
0.004341718
0.243789685
120.915868475
32.031692084
267.553000000
0.029999999
0.004719258
0.239336905
120.915869913
32.031692179
267.403000000
0.112999998
0.011420606
0.242453850
120.915870638
32.031692225
267.175000000
0.059000000
0.013308309
0.240784059
120.915872029
32.031692301
266.989000000
0.064000003
0.011514991
0.235552043
120.915872852
32.031692293
267.426000000
-0.016000001
0.006418192
0.246461353
120.915874299
32.031692364
266.522000000
0.022000000
0.005946266
0.252695244
120.915875065
32.031692364
267.096000000
0.001000000
0.006701347
0.246350032
120.915876517
32.031692431
267.242000000
0.050999999
0.006323807
0.246906631
120.915877234
32.031692451
267.413000000
0.028000001
0.008211510
0.241451977
120.915878717
32.031692512
267.379000000
0.052000001
0.007645199
0.244902879
120.915879475
32.031692486
267.914000000
-0.035000000
0.003303481
0.249466978
120.915880949
32.031692543
267.753000000
0.048999999
0.002925940
0.248465103
120.915881696
32.031692564
267.046000000
0.030999999
0.007362043
0.247240589
120.915883180
32.031692570
266.818000000
0.001000000
0.002548400
0.248353784
120.915883922
32.031692589
267.229000000
0.023000000
0.002359630
0.247797187
120.915885416
32.031692591
266.045000000
0.022000000
0.001982089
0.248910381
120.915886149
32.031692630
266.530000000
0.046999998
0.003869792
0.247908506
120.915887616
32.031692631
267.516000000
0.002000000
0.003775407
0.244902881
120.915888356
32.031692658
268.206000000
0.023000000
0.002642784
0.245682116
120.915889847
32.031692679
268.443000000
0.029999999
0.004530489
0.248353784
120.915890624
32.031692694
268.279000000
0.017000001
0.003397866
0.252472605
120.915892092
32.031692664
268.281000000
-0.039000001
-0.001415778
0.249912257
120.915892781
32.031692685
267.788000000
0.023000000
-0.000849466
0.240116141
120.915894287
32.031692702
268.041000000
0.020000000
0.003586637
0.244346282
120.915895027
32.031692680
268.683000000
-0.029999999
-0.000471926
0.250023577
120.915896493
32.031692693
268.755000000
-0.011000000
-0.000849467
0.245570797
120.915897269
32.031692650
269.277000000
-0.046999998
-0.002831555
0.249578298
120.915898727
32.031692666
269.558000000
0.014000000
-0.002548400
0.248687742
120.915899512
32.031692661
269.668000000
0.003000000
0.001038237
0.249689618
120.915900974
32.031692675
269.020000000
-0.041000001
0.000849467
0.250134896
120.915901674
32.031692675
268.859000000
-0.005000000
0.001321393
0.240672739
120.915903204
32.031692698
269.442000000
0.015000000
0.002170859
0.248242465
120.915903843
32.031692687
269.488000000
-0.008000000
0.001132622
0.241451975
120.915905305
32.031692729
269.098000000
0.046000000
0.002925940
0.233882249
120.915906065
32.031692694
269.376000000
-0.037999999
0.000660696
0.247351909
120.915907585
32.031692675
269.044000000
-0.012000000
-0.005096799
0.253808439
120.915908295
32.031692679
268.598000000
0.001000000
-0.001415777
0.248242464
120.915909781
32.031692661
268.910000000
-0.037000000
-0.001321393
0.244457601
120.915910509
32.031692649
268.775000000
-0.020000000
-0.002831555
0.246461353
120.915911983
32.031692646
268.770000000
0.020000000
-0.001415777
0.245125519
120.915912685
32.031692612
268.821000000
-0.035000000
-0.003492251
0.242231211
120.915914139
32.031692588
269.116000000
-0.017999999
-0.005474340
0.240004821
120.915914906
32.031692610
269.345000000
0.030999999
-0.000188770
0.247240589
120.915916335
32.031692612
269.290000000
-0.000000000
0.002265244
0.244457603
120.915917122
32.031692594
269.194000000
-0.013000000
-0.001510163
0.246683991
120.915918521
32.031692612
269.143000000
-0.018999999
0.000000000
0.243344406
120.915919253
32.031692555
269.461000000
-0.055000000
-0.003681022
0.237221835
120.915920685
32.031692619
268.549000000
0.028999999
0.000660696
0.240895379
120.915921403
32.031692577
268.650000000
-0.039999999
0.002076474
0.239336905
120.915922867
32.031692525
269.421000000
-0.003000000
-0.008872206
0.242899129
120.915923545
32.031692489
269.769000000
-0.039000001
-0.008305895
0.238446349
120.915925015
32.031692412
270.274000000
-0.052999999
-0.010665524
0.239114265
120.915925730
32.031692405
270.725000000
-0.027000001
-0.007928354
0.243233087
120.915927200
32.031692376
270.408000000
-0.035999998
-0.003397866
0.243233087
120.915927891
32.031692346
270.372000000
-0.034000002
-0.005568725
0.240561419
120.915929390
32.031692345
270.655000000
0.068999998
-0.002925940
0.243789685
120.915930071
32.031692337
270.982000000
-0.003000000
-0.000849466
0.242676491
120.915931577
32.031692228
271.476000000
-0.104999997
-0.011043066
0.243455726
120.915932323
32.031692162
271.158000000
-0.083999999
-0.016517405
0.250691493
120.915933836
32.031692122
271.005000000
-0.022000000
-0.010004828
0.251470730
120.915934567
32.031692061
271.672000000
-0.067000002
-0.009532902
0.249800936
120.915935960
32.031692031
270.575000000
0.010000000
-0.008589051
0.236442599
120.915936713
32.031691978
271.219000000
-0.024000000
-0.007833970
0.238891627
120.915938121
32.031692014
270.102000000
0.030999999
-0.001604548
0.240561419
120.915938877
32.031691989
270.480000000
-0.010000000
0.001038237
0.240895379
120.915940312
32.031691988
270.278000000
0.030999999
-0.002454015
0.243901005
120.915941063
32.031691961
270.285000000
-0.021000000
-0.002642785
0.243344407
120.915942461
32.031691876
270.573000000
-0.083999999
-0.010571139
0.239225585
120.915943221
32.031691832
270.631000000
-0.072999999
-0.012175687
0.240227461
120.915944633
32.031691836
270.289000000
0.032000002
-0.003775407
0.241785933
120.915945339
32.031691760
270.584000000
-0.061999999
-0.006795732
0.235774681
120.915946758
32.031691721
270.942000000
-0.028000001
-0.010854295
0.236553919
120.915947541
32.031691668
271.352000000
-0.054000001
-0.008683436
0.245125518
120.915948975
32.031691607
271.382000000
-0.039000001
-0.010759910
0.246795311
120.915949745
32.031691606
271.874000000
0.004000000
-0.005851880
0.245348159
120.915951160
32.031691543
271.390000000
-0.033000000
-0.006040651
0.243233087
120.915951892
32.031691539
272.262000000
-0.011000000
-0.006323807
0.239002946
120.915953341
32.031691443
272.386000000
-0.029999999
-0.009438517
0.242787809
120.915954025
32.031691397
272.474000000
-0.057000000
-0.013402694
0.237444475
120.915955504
32.031691355
272.844000000
-0.008000000
-0.008305895
0.240784058
120.915956209
32.031691313
272.439000000
-0.045000002
-0.007928354
0.243121767
120.915957624
32.031691286
271.467000000
-0.002000000
-0.006512577
0.235997321
120.915958338
32.031691281
272.485000000
0.010000000
-0.003020326
0.236999195
120.915959811
32.031691147
271.197000000
-0.082000002
-0.013119539
0.243455726
120.915960599
32.031691067
271.541000000
-0.104000002
-0.020198427
0.251693369
120.915962144
32.031690928
271.914000000
-0.107000001
-0.020670352
0.259708373
120.915962841
32.031690878
271.452000000
-0.071000002
-0.017838797
0.249578298
120.915964268
32.031690785
271.278000000
-0.028000001
-0.013497080
0.236442597
120.915964961
32.031690755
271.387000000
-0.027000001
-0.011609376
0.235997321
120.915966465
32.031690706
271.678000000
0.018999999
-0.007456429
0.244568921
120.915967158
32.031690652
271.866000000
-0.064000003
-0.009721673
0.244568921
120.915968664
32.031690578
271.311000000
-0.061999999
-0.012081302
0.244791561
120.915969396
32.031690513
271.688000000
-0.085000001
-0.013119539
0.249133020
120.915970783
32.031690478
271.797000000
-0.059000000
-0.009438517
0.235886001
120.915971471
32.031690457
272.399000000
-0.028000001
-0.005285569
0.230987945
120.915972899
32.031690306
273.525000000
-0.112999998
-0.016234250
0.235552041
120.915973594
32.031690225
273.317000000
-0.108000003
-0.021897360
0.236331278
120.915974914
32.031690045
274.951000000
-0.101999998
-0.024634530
0.224308775
120.915975569
32.031689962
276.033000000
-0.101000004
-0.024823300
0.219855995
120.915977042
32.031689807
276.513000000
-0.068000004
-0.022463671
0.236887875
120.915977811
32.031689715
276.612000000
-0.101000004
-0.023313138
0.249578299
120.915979229
32.031689613
276.230000000
-0.072999999
-0.018310724
0.243455727
120.915980033
32.031689598
275.441000000
-0.007000000
-0.011043065
0.247351908
120.915981519
32.031689629
273.593000000
0.039000001
0.001510163
0.254921634
120.915982257
32.031689698
272.197000000
0.090999998
0.009438517
0.247574547
120.915983803
32.031689709
270.008000000
0.057000000
0.007550814
0.254253717
120.915984589
32.031689714
269.487000000
0.002000000
0.001510163
0.259597053
120.915986121
32.031689831
267.550000000
0.085000001
0.011514991
0.258038580
120.915986940
32.031689837
266.872000000
0.018999999
0.011609376
0.261712122
120.915988502
32.031690016
265.544000000
0.140000001
0.017461257
0.265051708
120.915989238
32.031690081
264.770000000
0.090999998
0.023029982
0.255812190
120.915990784
32.031690192
264.232000000
0.026000001
0.016611790
0.254031078
120.915991565
32.031690287
263.777000000
0.104000002
0.019443346
0.259040456
120.915993114
32.031690423
263.788000000
0.075999998
0.021802975
0.259374414
120.915993777
32.031690608
263.110000000
0.194999993
0.030297640
0.246238713
120.915995307
32.031690742
262.232000000
0.143000007
0.030108870
0.244123643
120.915996066
32.031690858
261.510000000
0.126000002
0.023596293
0.254810315
120.915997544
32.031691014
261.376000000
0.046999998
0.025672767
0.249021701
120.915998282
32.031691098
261.290000000
0.086000003
0.022652442
0.246683991
120.915999759
32.031691352
261.231000000
0.133000001
0.031902188
0.246572672
120.916000428
32.031691509
260.013000000
0.187999994
0.038792305
0.238891627
120.916001917
32.031691772
258.858000000
0.179000005
0.039641772
0.240227461
120.916002693
32.031691892
258.668000000
0.126000002
0.036149521
0.252138646
120.916004120
32.031692186
259.109000000
0.150999993
0.039075461
0.245236838
120.916004797
32.031692312
258.718000000
0.140000001
0.039641772
0.234216209
120.916006220
32.031692574
257.867000000
0.177000001
0.036621446
0.233770931
120.916006943
32.031692684
257.611000000
0.119000003
0.035111284
0.238891627
120.916008405
32.031692891
258.120000000
0.100000001
0.029920100
0.243233087
120.916009101
32.031693041
257.544000000
0.156000003
0.033695506
0.240227461
120.916010508
32.031693326
257.061000000
0.254999995
0.041057550
0.234104889
120.916011272
32.031693432
257.819000000
0.111000001
0.036904602
0.241674615
120.916012732
32.031693658
257.274000000
0.093999997
0.031335877
0.247574547
120.916013420
32.031693766
257.185000000
0.120999999
0.031524647
0.239114265
120.916014802
32.031694066
257.409000000
0.194999993
0.038509150
0.230431347
120.916015482
32.031694224
256.975000000
0.182999998
0.043228409
0.229540791
120.916016931
32.031694489
257.326000000
0.158000007
0.039924928
0.236999195
120.916017607
32.031694652
256.890000000
0.181999996
0.040396854
0.236553917
120.916019034
32.031694904
256.553000000
0.136999995
0.039169846
0.234104889
120.916019737
32.031695056
255.531000000
0.166999996
0.038131609
0.237110515
120.916021194
32.031695280
255.477000000
0.137999997
0.035488825
0.240450099
120.916021930
32.031695392
254.832000000
0.116999999
0.031713418
0.244123643
120.916023290
32.031695742
253.822000000
0.256999999
0.043605949
0.233325653
120.916023997
32.031695858
253.865000000
0.128999993
0.043983490
0.230097387
120.916025316
32.031696135
256.288000000
0.125000000
0.037093373
0.225533289
120.916026004
32.031696266
255.122000000
0.148000002
0.038509150
0.223418219
120.916027446
32.031696537
256.336000000
0.171000004
0.037942840
0.237110515
120.916028174
32.031696685
256.237000000
0.166999996
0.039547387
0.241563295
120.916029547
32.031697055
255.187000000
0.228000000
0.048891519
0.233882249
120.916030265
32.031697193
255.405000000
0.151999995
0.047947667
0.232769055
120.916031684
32.031697490
255.909000000
0.137999997
0.041057549
0.237889753
120.916032359
32.031697687
255.272000000
0.202000007
0.046626275
0.233103013
120.916033806
32.031697995
255.192000000
0.193000004
0.047664512
0.236219959
120.916034500
32.031698122
253.911000000
0.130999997
0.041057550
0.238335029
120.916035920
32.031698502
252.967000000
0.210999995
0.047853282
0.235329403
120.916036647
32.031698667
253.660000000
0.187000006
0.051439919
0.239002947
120.916038046
32.031699022
253.638000000
0.203999996
0.049080289
0.236665237
120.916038738
32.031699204
253.838000000
0.202999994
0.050684837
0.232769055
120.916040128
32.031699522
254.027000000
0.189999998
0.047192586
0.231767181
120.916040818
32.031699645
253.708000000
0.133000001
0.041623861
0.231544541
120.916042136
32.031699859
253.821000000
0.085000001
0.031807803
0.223529537
120.916042758
32.031699933
254.312000000
0.067000002
0.027182929
0.215959813
120.916044051
32.031700105
255.409000000
0.133000001
0.023218752
0.213176825
120.916044696
32.031700187
256.155000000
0.093000002
0.023973834
0.215737173
120.916046060
32.031700296
257.964000000
0.050999999
0.018027568
0.223640857
120.916046706
32.031700378
258.907000000
0.081000000
0.018027568
0.223752177
120.916048098
32.031700450
259.491000000
0.034000002
0.014535317
0.226869123
120.916048791
32.031700465
261.023000000
-0.002000000
0.008211510
0.232101137
120.916050285
32.031700577
261.415000000
0.046000000
0.011986917
0.243455726
120.916050975
32.031700662
261.803000000
0.100000001
0.018593879
0.243121769
120.916052430
32.031700778
262.398000000
0.104999997
0.018971419
0.238780307
120.916053110
32.031700822
262.273000000
0.043000001
0.015101627
0.237667112
120.916054587
32.031700905
262.327000000
0.037999999
0.011986917
0.240116143
120.916055275
32.031700995
261.976000000
0.108999997
0.016328635
0.241006699
120.916056748
32.031701124
262.779000000
0.108000003
0.020670353
0.240561419
120.916057479
32.031701162
262.520000000
0.032000002
0.015762323
0.245348157
120.916058899
32.031701260
262.412000000
0.033000000
0.012836383
0.239448225
120.916059615
32.031701393
261.942000000
0.165000007
0.021802975
0.237778431
120.916061007
32.031701470
262.445000000
0.059000000
0.019820886
0.234661485
120.916061735
32.031701538
262.527000000
0.063000001
0.013685850
0.235997321
120.916063143
32.031701633
263.316000000
0.079999998
0.015384783
0.237778433
120.916063845
32.031701693
263.430000000
0.064999998
0.014629702
0.234884125
120.916065255
32.031701814
263.496000000
0.056000002
0.017083717
0.235106765
120.916065939
32.031701880
263.277000000
0.074000001
0.017650027
0.233103015
120.916067416
32.031701916
264.219000000
0.067000002
0.009627288
0.240561419
120.916068092
32.031702008
263.514000000
0.107000001
0.012081302
0.239670863
120.916069525
32.031702101
264.225000000
0.077000000
0.017461257
0.234772805
120.916070241
32.031702180
264.318000000
0.082000002
0.016234250
0.239225585
120.916071649
32.031702257
263.611000000
0.046000000
0.014724087
0.236442599
120.916072369
32.031702272
263.243000000
0.008000000
0.008683435
0.236887877
120.916073781
32.031702376
264.025000000
0.050999999
0.011231835
0.237333153
120.916074467
32.031702416
263.977000000
0.048999999
0.013591465
0.233548291
120.916075894
32.031702504
264.079000000
0.039000001
0.012081302
0.235218085
120.916076582
32.031702584
263.924000000
0.097000003
0.015856709
0.235440723
120.916077989
32.031702667
263.967000000
0.098999999
0.015384783
0.233214333
120.916078733
32.031702671
264.570000000
-0.009000000
0.008211510
0.239448225
120.916080149
32.031702745
264.552000000
0.014000000
0.007362043
0.240450099
120.916080844
32.031702774
264.617000000
0.035999998
0.009721673
0.234995445
120.916082340
32.031702782
264.969000000
-0.013000000
0.003492252
0.243901005
120.916083024
32.031702784
264.291000000
-0.004000000
0.000943851
0.242676489
120.916084461
32.031702841
264.359000000
0.002000000
0.005568725
0.236108639
120.916085150
32.031702858
266.162000000
0.014000000
0.006984503
0.236665237
120.916086519
32.031702921
266.306000000
0.041000001
0.007550814
0.229095513
120.916087202
32.031702920
265.750000000
0.012000000
0.005851880
0.228427595
120.916088637
32.031702853
267.901000000
-0.052999999
-0.006418192
0.235774681
120.916089350
32.031702831
266.972000000
-0.035000000
-0.008400281
0.239114265
120.916090695
32.031702878
267.855000000
0.050000001
0.002359629
0.229095511
120.916091396
32.031702821
268.854000000
-0.024000000
-0.000943851
0.227759679
120.916092794
32.031702772
269.586000000
0.013000000
-0.010004828
0.233659611
120.916093556
32.031702735
270.034000000
-0.035000000
-0.008117125
0.240450101
120.916094869
32.031702737
268.731000000
-0.000000000
-0.003303481
0.230987945
120.916095606
32.031702762
269.445000000
0.033000000
0.002548400
0.228204955
120.916096955
32.031702781
269.824000000
-0.017999999
0.004152947
0.232212457
120.916097658
32.031702811
268.844000000
0.022000000
0.004624873
0.228427595
120.916099065
32.031702821
268.445000000
0.086000003
0.003775407
0.234884125
120.916099807
32.031702758
268.589000000
-0.052999999
-0.005002414
0.239225585
120.916101277
32.031702719
268.823000000
-0.050000001
-0.009627288
0.246238713
120.916101975
32.031702734
268.937000000
0.023000000
-0.002265244
0.241340657
120.916103432
32.031702652
269.306000000
-0.086999997
-0.006323807
0.239893503
120.916104132
32.031702625
269.787000000
-0.050999999
-0.010287984
0.240116141
120.916105480
32.031702677
270.100000000
0.072999999
0.002359629
0.227982317
120.916106181
32.031702676
269.559000000
0.005000000
0.004813644
0.228093637
120.916107608
32.031702635
269.978000000
-0.063000001
-0.003964177
0.236887877
120.916108248
32.031702609
269.721000000
-0.033000000
-0.006323807
0.230097387
120.916109669
32.031702569
269.747000000
-0.017999999
-0.006229422
0.229429469
120.916110366
32.031702515
270.368000000
-0.064000003
-0.008872206
0.235774681
120.916111790
32.031702463
269.915000000
-0.100000001
-0.010004828
0.236108641
120.916112529
32.031702433
270.592000000
-0.028999999
-0.007739584
0.240784059
120.916113998
32.031702376
270.543000000
-0.041999999
-0.008211510
0.245793435
120.916114752
32.031702356
270.175000000
-0.021000000
-0.007267659
0.247463228
120.916116226
32.031702349
269.895000000
-0.046999998
-0.002548400
0.248019825
120.916116913
32.031702422
268.734000000
0.098999999
0.006229422
0.240561419
120.916118381
32.031702486
267.994000000
0.002000000
0.012930769
0.239893503
120.916119094
32.031702483
267.973000000
-0.017000001
0.005757495
0.242787809
120.916120519
32.031702530
267.353000000
0.046999998
0.004152947
0.238001071
120.916121273
32.031702499
267.220000000
-0.015000000
0.001510163
0.242565171
120.916122692
32.031702525
267.900000000
-0.043000001
-0.000471926
0.241897253
120.916123408
32.031702564
267.732000000
0.022000000
0.006135036
0.237667113
120.916124749
32.031702633
267.383000000
0.061999999
0.010193599
0.228984193
120.916125446
32.031702667
267.690000000
0.041000001
0.009721673
0.226869121
120.916126899
32.031702651
268.103000000
-0.045000002
0.001698933
0.239336905
120.916127538
32.031702702
267.811000000
0.045000002
0.003303481
0.232880375
120.916128998
32.031702706
267.912000000
0.035000000
0.005191184
0.233659611
120.916129698
32.031702751
268.176000000
0.035000000
0.004624873
0.240450101
120.916131115
32.031702746
268.167000000
-0.020000000
0.003775407
0.235663361
120.916131812
32.031702734
268.101000000
-0.026000001
-0.001604548
0.235329403
120.916133260
32.031702761
268.042000000
0.029999999
0.001415777
0.238780307
120.916133921
32.031702808
267.682000000
0.059999999
0.006984503
0.234772805
120.916135314
32.031702840
267.316000000
0.068000004
0.007456429
0.228650235
120.916136074
32.031702806
267.581000000
-0.024000000
-0.000188770
0.239670863
120.916137444
32.031702880
268.144000000
0.033000000
0.003775407
0.237110515
120.916138147
32.031702886
268.294000000
0.012000000
0.007550814
0.230765305
120.916139548
32.031702926
267.159000000
0.018999999
0.004341718
0.234216209
120.916140251
32.031702918
267.435000000
-0.010000000
0.003020326
0.234216209
120.916141637
32.031702947
267.870000000
0.075000003
0.001982088
0.232546415
120.916142361
32.031702918
267.583000000
-0.014000000
0.000000000
0.234884125
120.916143781
32.031702961
267.630000000
0.050999999
0.001321393
0.238668989
120.916144497
32.031702973
268.193000000
0.017000001
0.005191185
0.237778433
120.916145930
32.031702971
268.603000000
0.017000001
0.000943852
0.239225585
120.916146621
32.031702955
268.451000000
-0.018999999
-0.001698933
0.236442597
120.916148049
32.031702940
268.487000000
0.024000000
-0.002925940
0.235886001
120.916148747
32.031702962
268.478000000
0.029999999
0.000660696
0.236665237
120.916150206
32.031702948
268.900000000
0.043000001
0.000755081
0.240116141
120.916150949
32.031702913
269.278000000
-0.050000001
-0.004624873
0.245125519
120.916152289
32.031702919
268.991000000
-0.032000002
-0.002737171
0.231878499
120.916152995
32.031702907
269.563000000
-0.009000000
-0.000566310
0.227759679
120.916154388
32.031702942
268.893000000
0.026000001
0.002170859
0.233659611
120.916155046
32.031702921
267.980000000
-0.006000000
0.001321392
0.228316275
120.916156446
32.031702908
269.191000000
-0.016000001
-0.003209096
0.229095513
120.916157132
32.031702943
268.266000000
0.056000002
0.002076474
0.232212457
120.916158530
32.031702989
268.531000000
0.054000001
0.007645199
0.231989819
120.916159207
32.031702961
269.160000000
-0.026000001
0.001698933
0.230987945
120.916160662
32.031702855
269.134000000
-0.093999997
-0.012647613
0.237333153
120.916161366
32.031702848
268.867000000
-0.021000000
-0.010665524
0.240338780
120.916162851
32.031702790
269.263000000
-0.067000002
-0.006135036
0.243678365
120.916163485
32.031702804
268.760000000
0.005000000
-0.004152948
0.235886001
120.916164865
32.031702796
269.362000000
-0.012000000
0.000566311
0.224197455
120.916165581
32.031702815
269.416000000
0.016000001
0.001038237
0.233325653
120.916166927
32.031702813
269.163000000
0.001000000
0.001604548
0.229540791
120.916167639
32.031702812
269.314000000
-0.003000000
-0.000283156
0.229095511
120.916169052
32.031702837
269.112000000
0.000000000
0.002265244
0.236553917
120.916169721
32.031702815
269.292000000
-0.018999999
0.000283156
0.231767181
120.916171136
32.031702772
269.596000000
-0.033000000
-0.006135036
0.231989819
120.916171801
32.031702779
270.267000000
-0.006000000
-0.003397866
0.231544541
120.916173184
32.031702790
270.206000000
0.043000001
0.001698933
0.227982317
120.916173876
32.031702757
270.746000000
-0.033000000
-0.002076474
0.230987943
120.916175237
32.031702724
270.756000000
-0.039000001
-0.006229421
0.228538915
120.916175956
32.031702712
270.752000000
-0.021000000
-0.004247333
0.231544541
120.916177323
32.031702704
270.438000000
0.041000001
-0.001887704
0.232212457
120.916178020
32.031702761
270.475000000
0.071000002
0.004624873
0.229763429
120.916179400
32.031702700
270.476000000
-0.030999999
-0.000377541
0.231210583
120.916180132
32.031702684
270.756000000
-0.030999999
-0.007267658
0.235106763
120.916181518
32.031702613
270.707000000
-0.052999999
-0.008211510
0.235774681
120.916182232
32.031702565
270.259000000
-0.054000001
-0.011231835
0.233770931
120.916183597
32.031702528
270.413000000
-0.015000000
-0.008022740
0.231433221
120.916184269
32.031702507
270.809000000
-0.023000000
-0.005474340
0.226757803
120.916185593
32.031702490
271.168000000
-0.014000000
-0.003586636
0.222193703
120.916186277
32.031702464
271.604000000
-0.028000001
-0.004058562
0.223529537
120.916187600
32.031702339
271.520000000
-0.086999997
-0.014252161
0.223418219
120.916188309
32.031702320
271.933000000
-0.028000001
-0.013591465
0.226201207
120.916189749
32.031702222
272.530000000
-0.017000001
-0.011043065
0.239225585
120.916190485
32.031702183
271.858000000
-0.046000000
-0.012930769
0.242231211
120.916191884
32.031702122
271.751000000
-0.039000001
-0.009438517
0.237667113
120.916192651
32.031702039
272.350000000
-0.075999998
-0.013591465
0.241118017
120.916194092
32.031701984
271.208000000
-0.056000002
-0.013025153
0.245793435
120.916194787
32.031702007
270.176000000
0.027000001
-0.003020326
0.237778431
120.916196195
32.031702111
268.846000000
0.078000002
0.011986917
0.234104889
120.916196930
32.031702136
269.318000000
0.039000001
0.012175687
0.238557669
120.916198478
32.031702173
268.514000000
0.075000003
0.005851880
0.254142398
120.916199217
32.031702193
268.035000000
0.028999999
0.005379955
0.254587676
120.916200569
32.031702322
267.289000000
0.090999998
0.014063391
0.232769055
120.916201316
32.031702320
267.766000000
0.008000000
0.011986917
0.233659611
120.916202776
32.031702387
266.607000000
0.028000001
0.006135036
0.245682117
120.916203461
32.031702387
267.437000000
0.004000000
0.006323807
0.238780307
120.916204880
32.031702419
267.098000000
0.032000002
0.003020325
0.234216207
120.916205524
32.031702491
266.165000000
0.090999998
0.009816057
0.229652111
120.916206950
32.031702492
266.891000000
0.045000002
0.006890118
0.230431347
120.916207697
32.031702490
266.618000000
-0.015000000
-0.000094385
0.241897253
120.916209059
32.031702515
267.537000000
0.011000000
0.002170859
0.234772805
120.916209738
32.031702560
267.427000000
0.059000000
0.006606962
0.227203081
120.916211080
32.031702618
266.660000000
0.028000001
0.009721673
0.224976691
120.916211791
32.031702623
266.744000000
0.005000000
0.005946266
0.228538913
120.916213175
32.031702672
267.643000000
0.007000000
0.005096800
0.233214333
120.916213899
32.031702649
267.919000000
-0.033000000
0.002454015
0.234661487
120.916215210
32.031702745
267.353000000
0.077000000
0.006890117
0.226535165
120.916215914
32.031702750
267.193000000
0.032000002
0.009532902
0.224308775
120.916217312
32.031702781
267.150000000
-0.000000000
0.003397866
0.233993569
120.916218095
32.031702761
267.709000000
-0.035000000
0.001038237
0.242787809
120.916219471
32.031702826
267.333000000
0.012000000
0.004247333
0.240338781
120.916220151
32.031702794
267.772000000
-0.032000002
0.003114711
0.228872873
120.916221571
32.031702785
267.800000000
-0.007000000
-0.003869792
0.233770929
120.916222273
32.031702850
267.312000000
0.068999998
0.005285570
0.236219959
120.916223753
32.031702795
268.696000000
-0.041000001
0.000943852
0.242899129
120.916224443
32.031702777
268.678000000
-0.037000000
-0.006890118
0.241563295
120.916225764
32.031702865
268.192000000
0.068999998
0.006606962
0.223863497
120.916226489
32.031702864
267.956000000
0.004000000
0.008211510
0.227759677
120.916227801
32.031702917
267.558000000
0.035999998
0.004908029
0.226757803
120.916228456
32.031702985
267.461000000
0.075000003
0.011420606
0.218965439
120.916229913
32.031702939
268.552000000
-0.030999999
0.002076474
0.235106763
120.916230532
32.031702960
267.895000000
0.011000000
-0.002359630
0.231099263
120.916231946
32.031703006
267.896000000
0.035999998
0.006323807
0.226312525
120.916232595
32.031703047
267.497000000
0.048999999
0.008211510
0.229652109
120.916234055
32.031703021
267.678000000
-0.086999997
0.001415777
0.234772807
120.916234719
32.031703063
267.315000000
0.046999998
0.001510163
0.236442599
120.916236172
32.031703090
267.367000000
0.061000001
0.006512577
0.235663361
120.916236833
32.031703059
267.383000000
-0.048000000
-0.000377541
0.235329403
120.916238207
32.031703092
267.366000000
-0.035999998
0.000188770
0.226535165
120.916238906
32.031703135
267.251000000
0.048000000
0.007173273
0.230765305
120.916240357
32.031703067
267.305000000
0.007000000
-0.002359629
0.239336905
120.916241068
32.031703068
267.697000000
-0.006000000
-0.006323807
0.240672739
120.916242408
32.031703117
267.724000000
0.001000000
0.004719258
0.228316275
120.916243144
32.031703095
267.901000000
-0.028999999
0.002548400
0.231099263
120.916244618
32.031703102
267.906000000
-0.002000000
-0.001415777
0.246016074
120.916245243
32.031703146
268.029000000
0.056000002
0.004813644
0.233659611
120.916246648
32.031703049
268.724000000
-0.052000001
-0.005002414
0.225978567
120.916247359
32.031703064
267.730000000
-0.004000000
-0.007739584
0.235552041
120.916248714
32.031703157
267.945000000
0.108999997
0.010193599
0.229986069
120.916249439
32.031703113
269.047000000
-0.057000000
0.004624873
0.231544541
120.916250796
32.031703136
269.055000000
0.006000000
-0.001982089
0.231767179
120.916251483
32.031703151
269.324000000
0.027000001
0.003586637
0.227537039
120.916252889
32.031703137
269.131000000
-0.013000000
0.000094386
0.232991695
120.916253537
32.031703163
269.560000000
0.032000002
0.001132622
0.228650235
120.916254886
32.031703206
269.345000000
0.017000001
0.006512577
0.222305023
120.916255572
32.031703223
269.087000000
0.016000001
0.005663110
0.226535163
120.916256965
32.031703194
268.714000000
0.028999999
-0.001132622
0.231433221
120.916257655
32.031703198
268.110000000
0.003000000
-0.002359629
0.231878499
120.916259052
32.031703190
269.138000000
0.023000000
-0.000377541
0.232323777
120.916259790
32.031703177
269.174000000
-0.005000000
-0.001982089
0.237667113
120.916261187
32.031703187
269.265000000
-0.006000000
-0.000283156
0.237667113
120.916261846
32.031703184
269.637000000
-0.007000000
0.000660697
0.228872873
120.916263220
32.031703232
269.864000000
0.045000002
0.004247333
0.226312525
120.916263947
32.031703195
269.854000000
-0.035000000
0.001038237
0.233882251
120.916265237
32.031703154
270.318000000
-0.017999999
-0.007362043
0.224531413
120.916265828
32.031703102
270.584000000
-0.059000000
-0.008777821
0.209391961
120.916267184
32.031703015
271.042000000
-0.043000001
-0.013119539
0.216739049
120.916267954
32.031702977
271.264000000
-0.046999998
-0.011798146
0.236665239
120.916269263
32.031702930
270.965000000
-0.009000000
-0.008022739
0.231433221
120.916270010
32.031702888
271.033000000
-0.045000002
-0.008400281
0.228872873
120.916271469
32.031702823
271.796000000
-0.035999998
-0.010099213
0.245570796
120.916272229
32.031702811
270.428000000
-0.011000000
-0.007267658
0.247017950
120.916273628
32.031702792
270.915000000
0.001000000
-0.002925941
0.240338781
120.916274336
32.031702827
269.819000000
0.045000002
0.001510162
0.234550167
120.916275785
32.031702877
268.836000000
0.052000001
0.008022740
0.240116141
120.916276477
32.031702937
267.691000000
0.072999999
0.010382369
0.238335029
120.916277954
32.031703028
266.420000000
0.059999999
0.014252161
0.241451975
120.916278645
32.031703111
265.654000000
0.096000001
0.016423020
0.241340657
120.916280143
32.031703186
264.567000000
0.048000000
0.014912857
0.243678365
120.916280851
32.031703204
265.145000000
0.009000000
0.008777821
0.245570796
120.916282280
32.031703255
265.296000000
0.033000000
0.006512576
0.237889753
120.916283016
32.031703304
265.781000000
0.057999998
0.009438517
0.241006697
120.916284410
32.031703410
265.033000000
0.068999998
0.014629702
0.237110515
120.916285043
32.031703456
264.295000000
0.063000001
0.014346547
0.225644609
120.916286430
32.031703582
264.657000000
0.075999998
0.016234250
0.224865371
120.916287092
32.031703651
264.935000000
0.082000002
0.018405108
0.228093637
120.916288483
32.031703771
264.153000000
0.064999998
0.017838797
0.228538915
120.916289162
32.031703787
264.443000000
0.017999999
0.012836383
0.230431345
120.916290611
32.031703858
265.338000000
0.037000000
0.008211510
0.236887875
120.916291327
32.031703923
265.699000000
0.078000002
0.012836384
0.241006697
120.916292678
32.031704011
265.234000000
0.057999998
0.014440931
0.230097389
120.916293382
32.031704080
265.032000000
0.075999998
0.014818472
0.228761555
120.916294798
32.031704215
265.029000000
0.057999998
0.019254575
0.235997319
120.916295473
32.031704281
264.480000000
0.071999997
0.018971420
0.232769055
120.916296875
32.031704354
264.509000000
0.064999998
0.013119539
0.231210583
120.916297573
32.031704409
264.462000000
0.061999999
0.012081302
0.233770929
120.916298965
32.031704450
265.091000000
0.014000000
0.009060977
0.232657735
120.916299598
32.031704497
265.209000000
0.046000000
0.008305895
0.225421969
120.916301024
32.031704635
265.448000000
0.090000004
0.017461257
0.229206833
120.916301673
32.031704662
265.425000000
0.041000001
0.015573554
0.230987945
120.916303001
32.031704740
265.681000000
0.020000000
0.009910444
0.220078633
120.916303720
32.031704797
265.367000000
0.064000003
0.012741998
0.227870997
120.916305106
32.031704860
265.621000000
0.034000002
0.011326220
0.234327527
120.916305733
32.031704897
265.066000000
0.041999999
0.009438517
0.224086135
120.916307078
32.031704964
265.866000000
0.044000000
0.009816058
0.219522037
120.916307805
32.031704975
266.257000000
0.009000000
0.007362043
0.230653985
120.916309244
32.031705110
266.095000000
0.082000002
0.013780235
0.241118017
120.916309927
32.031705181
265.768000000
0.088000000
0.019443346
0.236219959
120.916311384
32.031705237
265.896000000
0.018999999
0.011986917
0.238223709
120.916312042
32.031705277
266.111000000
0.035999998
0.009060977
0.235440723
120.916313418
32.031705348
266.062000000
0.041999999
0.010476755
0.226423845
120.916314167
32.031705376
265.690000000
0.033000000
0.009344132
0.236553917
120.916315557
32.031705439
265.660000000
0.041000001
0.008589050
0.238112391
120.916316209
32.031705470
265.700000000
0.035000000
0.008872206
0.227314401
120.916317541
32.031705522
266.158000000
0.064000003
0.007833970
0.220857869
120.916318173
32.031705546
266.505000000
0.035000000
0.007173273
0.218631479
120.916319592
32.031705639
265.806000000
0.052999999
0.011043065
0.228316275
120.916320232
32.031705679
265.402000000
0.046999998
0.012553228
0.229206833
120.916321514
32.031705808
265.553000000
0.061999999
0.015951094
0.213956062
120.916322253
32.031705821
266.205000000
0.018999999
0.013402695
0.224976691
120.916323587
32.031705892
266.383000000
0.055000000
0.007928354
0.230765303
120.916324343
32.031705916
266.607000000
0.029999999
0.008966591
0.232657735
120.916325655
32.031706033
265.888000000
0.104000002
0.013308309
0.230208707
120.916326332
32.031706090
264.495000000
0.075000003
0.016423020
0.221414467
120.916327713
32.031706170
265.681000000
0.052999999
0.012930769
0.229095513
120.916328359
32.031706221
265.967000000
0.055000000
0.012364458
0.225644609
120.916329741
32.031706272
265.862000000
0.017000001
0.009627288
0.225755927
120.916330418
32.031706370
265.553000000
0.116999999
0.014063391
0.229206831
120.916331843
32.031706423
266.247000000
-0.005000000
0.014252161
0.233993569
120.916332477
32.031706413
266.011000000
-0.030999999
0.004058562
0.229206831
120.916333888
32.031706495
266.729000000
0.052000001
0.006795732
0.227648359
120.916334564
32.031706496
266.583000000
0.011000000
0.007833969
0.232323777
120.916335939
32.031706558
266.419000000
0.032000002
0.005946266
0.228316277
120.916336568
32.031706562
266.698000000
0.007000000
0.006229421
0.223084261
120.916338040
32.031706620
266.550000000
0.023000000
0.005851880
0.233882249
120.916338719
32.031706621
266.703000000
0.004000000
0.005568725
0.239448224
120.916340137
32.031706673
266.771000000
0.026000001
0.005002414
0.233436973
120.916340791
32.031706683
267.077000000
0.012000000
0.005851881
0.230653985
120.916342194
32.031706688
266.444000000
-0.013000000
0.001415777
0.228984191
120.916342887
32.031706724
265.747000000
0.027000001
0.003869792
0.233325653
120.916344238
32.031706774
266.859000000
0.044000000
0.008117125
0.227537039
120.916344924
32.031706818
266.529000000
0.056000002
0.008872206
0.226757803
120.916346183
32.031706871
266.740000000
0.041000001
0.009155361
0.216516411
120.916346946
32.031706827
267.380000000
-0.046999998
0.000849466
0.225088011
120.916348283
32.031706862
267.246000000
-0.006000000
-0.000849466
0.233770931
120.916348897
32.031706919
266.956000000
0.071999997
0.008683436
0.217184327
120.916350266
32.031706987
267.280000000
0.059000000
0.011798146
0.220746549
120.916350943
32.031706997
267.839000000
0.008000000
0.007362043
0.227759677
120.916352348
32.031707016
267.451000000
0.006000000
0.002737170
0.231767181
120.916352998
32.031707054
266.635000000
0.043000001
0.005379955
0.228761553
120.916354380
32.031707100
265.571000000
0.028999999
0.007928354
0.226201205
120.916355055
32.031707095
266.857000000
-0.012000000
0.003869792
0.228984193
120.916356369
32.031707145
266.858000000
0.020000000
0.004247333
0.221414467
120.916357004
32.031707128
267.116000000
-0.018999999
0.003114711
0.216961689
120.916358430
32.031707140
267.868000000
0.007000000
-0.000471926
0.229429471
120.916359108
32.031707176
267.998000000
0.048000000
0.004530488
0.234216207
120.916360483
32.031707160
267.838000000
0.030999999
0.001887704
0.228538915
120.916361091
32.031707186
267.874000000
0.028000001
0.000943852
0.220746551
120.916362426
32.031707203
267.888000000
0.012000000
0.004058562
0.216293771
120.916363078
32.031707227
267.855000000
0.026000001
0.003869792
0.221191829
120.916364404
32.031707249
268.472000000
-0.005000000
0.004341718
0.220189953
120.916365095
32.031707251
268.079000000
-0.003000000
0.002265244
0.224531413
120.916366418
32.031707267
268.534000000
-0.001000000
0.001698933
0.224197453
120.916367120
32.031707256
268.832000000
-0.013000000
0.000471926
0.225421969
120.916368449
32.031707317
268.561000000
0.026000001
0.004719258
0.226089887
120.916369084
32.031707334
268.603000000
0.023000000
0.007362043
0.218631479
120.916370317
32.031707332
268.958000000
-0.010000000
0.001415778
0.207944809
120.916371020
32.031707328
268.808000000
-0.007000000
-0.000566310
0.215514535
120.916372353
32.031707323
268.935000000
-0.030999999
-0.000849467
0.226646483
120.916373013
32.031707342
268.288000000
0.022000000
0.001321392
0.221859745
120.916374269
32.031707351
268.758000000
0.013000000
0.002642785
0.213288145
120.916374975
32.031707330
268.595000000
-0.028999999
-0.001132621
0.218408841
120.916376259
32.031707364
268.326000000
0.020000000
0.001227007
0.221525787
120.916376905
32.031707365
268.702000000
0.006000000
0.003303481
0.214846618
120.916378202
32.031707355
269.299000000
-0.048000000
-0.000849466
0.216293771
120.916378800
32.031707331
269.583000000
-0.034000002
-0.003209096
0.210950435
120.916380119
32.031707356
269.241000000
-0.005000000
0.000094385
0.213399463
120.916380792
32.031707345
269.421000000
-0.011000000
0.001321393
0.221748425
120.916382108
32.031707316
270.060000000
-0.017000001
-0.003775407
0.221414467
120.916382720
32.031707333
269.793000000
0.023000000
-0.001132622
0.214623979
120.916384050
32.031707333
269.804000000
0.001000000
0.001604548
0.216182452
120.916384725
32.031707295
269.802000000
-0.050000001
-0.003586637
0.223195579
120.916385918
32.031707330
269.234000000
0.017000001
-0.000283155
0.207944809
120.916386627
32.031707283
269.903000000
-0.048999999
-0.001132621
0.211729671
120.916387853
32.031707274
269.362000000
-0.033000000
-0.005285570
0.215403215
120.916388514
32.031707262
269.184000000
-0.013000000
-0.001982089
0.210059880
120.916389855
32.031707215
269.562000000
0.028999999
-0.005568725
0.222861621
120.916390493
32.031707208
269.402000000
-0.006000000
-0.005096799
0.220301271
120.916391819
32.031707219
270.756000000
-0.009000000
0.000377541
0.218631479
120.916392451
32.031707228
270.006000000
0.012000000
0.001887704
0.217963563
120.916393791
32.031707204
271.292000000
-0.014000000
-0.001415777
0.219522037
120.916394411
32.031707212
270.288000000
0.010000000
-0.001510163
0.218186203
120.916395736
32.031707196
270.171000000
-0.014000000
-0.000755081
0.216516409
120.916396384
32.031707189
269.769000000
-0.011000000
-0.002170859
0.219633355
120.916397677
32.031707157
269.935000000
-0.015000000
-0.003681022
0.216071133
120.916398343
32.031707123
269.748000000
-0.041000001
-0.006229422
0.218074883
120.916399634
32.031707070
270.208000000
-0.024000000
-0.008211510
0.217852243
120.916400224
32.031707106
270.084000000
0.048999999
-0.001604548
0.209391963
120.916401537
32.031707069
269.472000000
-0.020000000
-0.000094386
0.211840991
120.916402120
32.031707100
269.366000000
0.033000000
-0.000566311
0.211061755
120.916403421
32.031707077
270.910000000
0.009000000
0.000755081
0.209725921
120.916404073
32.031707084
271.003000000
0.007000000
-0.001510163
0.217406965
120.916405392
32.031707047
270.160000000
-0.039999999
-0.002831555
0.219410717
120.916405999
32.031707052
270.530000000
0.004000000
-0.003020325
0.214401340
120.916407308
32.031707000
270.810000000
-0.021000000
-0.004436103
0.213288145
120.916407939
32.031706972
271.322000000
-0.037999999
-0.007550814
0.215959811
120.916409219
32.031706891
270.974000000
-0.061000001
-0.010287984
0.212731547
120.916409867
32.031706920
270.780000000
0.035999998
-0.004908029
0.214623979
120.916411177
32.031706918
271.239000000
-0.004000000
0.002548400
0.217963563
120.916411862
32.031706892
271.452000000
-0.037999999
-0.002642784
0.222082385
120.916413070
32.031706847
271.573000000
-0.016000001
-0.006701347
0.210727797
120.916413776
32.031706811
271.712000000
-0.037999999
-0.007645199
0.213065505
120.916414943
32.031706805
271.966000000
0.001000000
-0.003964178
0.208501407
120.916415618
32.031706775
271.758000000
-0.032000002
-0.003397866
0.205050502
120.916416874
32.031706742
271.271000000
-0.016000001
-0.005946266
0.214957937
120.916417446
32.031706765
271.266000000
0.024000000
-0.000943852
0.203492029
120.916418779
32.031706771
271.043000000
-0.017000001
0.002737171
0.212063629
120.916419354
32.031706761
271.031000000
-0.011000000
-0.000377541
0.212397589
120.916420626
32.031706738
270.952000000
0.014000000
-0.003114711
0.205607100
120.916421325
32.031706734
270.786000000
-0.003000000
-0.002548400
0.219410717
120.916422621
32.031706708
270.618000000
-0.016000001
-0.002831555
0.222082383
120.916423257
32.031706712
270.066000000
0.004000000
-0.002076473
0.215069257
120.916424657
32.031706737
268.426000000
0.034000002
0.002737170
0.226646483
120.916425410
32.031706771
267.982000000
0.044000000
0.005568725
0.239670863
120.916426701
32.031706938
266.581000000
0.101999998
0.018971419
0.227537041
120.916427411
32.031706988
265.665000000
0.066000000
0.020481582
0.222750301
120.916428761
32.031707137
264.803000000
0.089000002
0.018782649
0.229318151
120.916429467
32.031707188
264.969000000
0.056000002
0.018877034
0.228872873
120.916430675
32.031707302
264.126000000
0.063000001
0.015573554
0.213065505
120.916431336
32.031707349
264.004000000
0.052999999
0.015196013
0.208056129
120.916432582
32.031707442
264.221000000
0.013000000
0.013213924
0.212286269
120.916433225
32.031707516
263.515000000
0.081000000
0.015762323
0.210282519
120.916434428
32.031707635
263.539000000
0.050000001
0.018216338
0.205495780
120.916435050
32.031707703
262.875000000
0.075999998
0.017650028
0.203158071
120.916436299
32.031707758
262.794000000
0.025000000
0.011609377
0.208278767
120.916436854
32.031707826
263.488000000
0.071999997
0.011609376
0.200820361
120.916438108
32.031707930
263.880000000
0.071000002
0.016234250
0.201376959
120.916438758
32.031707987
263.702000000
0.064999998
0.015196012
0.211952311
120.916440002
32.031708087
262.738000000
0.048000000
0.014818472
0.210839116
120.916440599
32.031708128
263.295000000
0.043000001
0.013308309
0.204939183
120.916441810
32.031708215
262.660000000
0.079000004
0.012081302
0.201265639
120.916442454
32.031708300
262.117000000
0.097999997
0.016234250
0.206497656
